q: 0.001841236755254473
j: 0.0030918881361820393
z: 0.004689942678478374
x: 0.004828903943025881
v: 0.011047420531526837
w: 0.017543859649122806
f: 0.01948931735278791
k: 0.0207052284175786
g: 0.02358867465693938
b: 0.024839326037866944
h: 0.02827861733541775
m: 0.029286086503387182
y: 0.030779920097272886
p: 0.03317700191071739
c: 0.03348966475594928
u: 0.03783220427305888
d: 0.04102831335765156
n: 0.044641306235886746
t: 0.0550634010769498
l: 0.05509814139308668
i: 0.05530658328990794
r: 0.06635400382143478
o: 0.06652770540211916
a: 0.08157026228938684
e: 0.10453361125586243
s: 0.10536737884314747